2021/07/14-15:20:42.083267 7f297be741c0 RocksDB version: 6.12.7
2021/07/14-15:20:42.083379 7f297be741c0 Git sha rocksdb_build_git_sha:@0@
2021/07/14-15:20:42.083382 7f297be741c0 Compile date Jan  1 1980
2021/07/14-15:20:42.083417 7f297be741c0 DB SUMMARY
2021/07/14-15:20:42.083418 7f297be741c0 DB Session ID:  SW5SCTRT0XQ5X2O4OURL
2021/07/14-15:20:42.083436 7f297be741c0 SST files in /home/goku/personal/portfolio/.dfx/state/replicated_state/node-100/ic_consensus_pool/consensus dir, Total Num: 0, files: 
2021/07/14-15:20:42.083438 7f297be741c0 Write Ahead Log file in /home/goku/personal/portfolio/.dfx/state/replicated_state/node-100/ic_consensus_pool/consensus: 
2021/07/14-15:20:42.083440 7f297be741c0                         Options.error_if_exists: 0
2021/07/14-15:20:42.083441 7f297be741c0                       Options.create_if_missing: 1
2021/07/14-15:20:42.083442 7f297be741c0                         Options.paranoid_checks: 1
2021/07/14-15:20:42.083442 7f297be741c0                                     Options.env: 0x55ea94d99ba0
2021/07/14-15:20:42.083444 7f297be741c0                                      Options.fs: Posix File System
2021/07/14-15:20:42.083445 7f297be741c0                                Options.info_log: 0x7f297ba5f890
2021/07/14-15:20:42.083446 7f297be741c0                Options.max_file_opening_threads: 16
2021/07/14-15:20:42.083447 7f297be741c0                              Options.statistics: (nil)
2021/07/14-15:20:42.083448 7f297be741c0                               Options.use_fsync: 1
2021/07/14-15:20:42.083449 7f297be741c0                       Options.max_log_file_size: 0
2021/07/14-15:20:42.083450 7f297be741c0                  Options.max_manifest_file_size: 1073741824
2021/07/14-15:20:42.083451 7f297be741c0                   Options.log_file_time_to_roll: 0
2021/07/14-15:20:42.083451 7f297be741c0                       Options.keep_log_file_num: 1000
2021/07/14-15:20:42.083452 7f297be741c0                    Options.recycle_log_file_num: 0
2021/07/14-15:20:42.083453 7f297be741c0                         Options.allow_fallocate: 1
2021/07/14-15:20:42.083454 7f297be741c0                        Options.allow_mmap_reads: 0
2021/07/14-15:20:42.083455 7f297be741c0                       Options.allow_mmap_writes: 0
2021/07/14-15:20:42.083456 7f297be741c0                        Options.use_direct_reads: 0
2021/07/14-15:20:42.083456 7f297be741c0                        Options.use_direct_io_for_flush_and_compaction: 0
2021/07/14-15:20:42.083457 7f297be741c0          Options.create_missing_column_families: 1
2021/07/14-15:20:42.083458 7f297be741c0                              Options.db_log_dir: 
2021/07/14-15:20:42.083459 7f297be741c0                                 Options.wal_dir: /home/goku/personal/portfolio/.dfx/state/replicated_state/node-100/ic_consensus_pool/consensus
2021/07/14-15:20:42.083460 7f297be741c0                Options.table_cache_numshardbits: 6
2021/07/14-15:20:42.083461 7f297be741c0                         Options.WAL_ttl_seconds: 0
2021/07/14-15:20:42.083461 7f297be741c0                       Options.WAL_size_limit_MB: 0
2021/07/14-15:20:42.083462 7f297be741c0                        Options.max_write_batch_group_size_bytes: 1048576
2021/07/14-15:20:42.083463 7f297be741c0             Options.manifest_preallocation_size: 4194304
2021/07/14-15:20:42.083464 7f297be741c0                     Options.is_fd_close_on_exec: 1
2021/07/14-15:20:42.083465 7f297be741c0                   Options.advise_random_on_open: 1
2021/07/14-15:20:42.083466 7f297be741c0                    Options.db_write_buffer_size: 0
2021/07/14-15:20:42.083466 7f297be741c0                    Options.write_buffer_manager: 0x7f2974102fa0
2021/07/14-15:20:42.083467 7f297be741c0         Options.access_hint_on_compaction_start: 1
2021/07/14-15:20:42.083468 7f297be741c0  Options.new_table_reader_for_compaction_inputs: 0
2021/07/14-15:20:42.083469 7f297be741c0           Options.random_access_max_buffer_size: 1048576
2021/07/14-15:20:42.083469 7f297be741c0                      Options.use_adaptive_mutex: 0
2021/07/14-15:20:42.083649 7f297be741c0                            Options.rate_limiter: (nil)
2021/07/14-15:20:42.083667 7f297be741c0     Options.sst_file_manager.rate_bytes_per_sec: 0
2021/07/14-15:20:42.083669 7f297be741c0                       Options.wal_recovery_mode: 2
2021/07/14-15:20:42.083669 7f297be741c0                  Options.enable_thread_tracking: 0
2021/07/14-15:20:42.083670 7f297be741c0                  Options.enable_pipelined_write: 0
2021/07/14-15:20:42.083671 7f297be741c0                  Options.unordered_write: 0
2021/07/14-15:20:42.083672 7f297be741c0         Options.allow_concurrent_memtable_write: 1
2021/07/14-15:20:42.083672 7f297be741c0      Options.enable_write_thread_adaptive_yield: 1
2021/07/14-15:20:42.083673 7f297be741c0             Options.write_thread_max_yield_usec: 100
2021/07/14-15:20:42.083674 7f297be741c0            Options.write_thread_slow_yield_usec: 3
2021/07/14-15:20:42.083675 7f297be741c0                               Options.row_cache: None
2021/07/14-15:20:42.083675 7f297be741c0                              Options.wal_filter: None
2021/07/14-15:20:42.083676 7f297be741c0             Options.avoid_flush_during_recovery: 0
2021/07/14-15:20:42.083677 7f297be741c0             Options.allow_ingest_behind: 0
2021/07/14-15:20:42.083678 7f297be741c0             Options.preserve_deletes: 0
2021/07/14-15:20:42.083678 7f297be741c0             Options.two_write_queues: 0
2021/07/14-15:20:42.083679 7f297be741c0             Options.manual_wal_flush: 0
2021/07/14-15:20:42.083680 7f297be741c0             Options.atomic_flush: 0
2021/07/14-15:20:42.083681 7f297be741c0             Options.avoid_unnecessary_blocking_io: 0
2021/07/14-15:20:42.083681 7f297be741c0                 Options.persist_stats_to_disk: 0
2021/07/14-15:20:42.083682 7f297be741c0                 Options.write_dbid_to_manifest: 0
2021/07/14-15:20:42.083683 7f297be741c0                 Options.log_readahead_size: 0
2021/07/14-15:20:42.083684 7f297be741c0                 Options.file_checksum_gen_factory: Unknown
2021/07/14-15:20:42.083685 7f297be741c0                 Options.best_efforts_recovery: 0
2021/07/14-15:20:42.083686 7f297be741c0                Options.max_bgerror_resume_count: 2147483647
2021/07/14-15:20:42.083686 7f297be741c0            Options.bgerror_resume_retry_interval: 1000000
2021/07/14-15:20:42.083688 7f297be741c0             Options.max_background_jobs: 2
2021/07/14-15:20:42.083689 7f297be741c0             Options.max_background_compactions: -1
2021/07/14-15:20:42.083689 7f297be741c0             Options.max_subcompactions: 1
2021/07/14-15:20:42.083690 7f297be741c0             Options.avoid_flush_during_shutdown: 0
2021/07/14-15:20:42.083691 7f297be741c0           Options.writable_file_max_buffer_size: 1048576
2021/07/14-15:20:42.083692 7f297be741c0             Options.delayed_write_rate : 16777216
2021/07/14-15:20:42.083692 7f297be741c0             Options.max_total_wal_size: 0
2021/07/14-15:20:42.083693 7f297be741c0             Options.delete_obsolete_files_period_micros: 21600000000
2021/07/14-15:20:42.083694 7f297be741c0                   Options.stats_dump_period_sec: 600
2021/07/14-15:20:42.083695 7f297be741c0                 Options.stats_persist_period_sec: 600
2021/07/14-15:20:42.083696 7f297be741c0                 Options.stats_history_buffer_size: 1048576
2021/07/14-15:20:42.083696 7f297be741c0                          Options.max_open_files: -1
2021/07/14-15:20:42.083697 7f297be741c0                          Options.bytes_per_sync: 0
2021/07/14-15:20:42.083698 7f297be741c0                      Options.wal_bytes_per_sync: 0
2021/07/14-15:20:42.083699 7f297be741c0                   Options.strict_bytes_per_sync: 0
2021/07/14-15:20:42.083699 7f297be741c0       Options.compaction_readahead_size: 0
2021/07/14-15:20:42.083700 7f297be741c0                  Options.max_background_flushes: -1
2021/07/14-15:20:42.083701 7f297be741c0 Compression algorithms supported:
2021/07/14-15:20:42.083703 7f297be741c0 	kZSTDNotFinalCompression supported: 1
2021/07/14-15:20:42.083708 7f297be741c0 	kZSTD supported: 1
2021/07/14-15:20:42.083709 7f297be741c0 	kXpressCompression supported: 0
2021/07/14-15:20:42.083710 7f297be741c0 	kLZ4HCCompression supported: 1
2021/07/14-15:20:42.083717 7f297be741c0 	kLZ4Compression supported: 1
2021/07/14-15:20:42.083718 7f297be741c0 	kBZip2Compression supported: 1
2021/07/14-15:20:42.083719 7f297be741c0 	kZlibCompression supported: 1
2021/07/14-15:20:42.083720 7f297be741c0 	kSnappyCompression supported: 1
2021/07/14-15:20:42.083724 7f297be741c0 Fast CRC32 supported: Supported on x86
2021/07/14-15:20:42.150674 7f297be741c0 [db/db_impl/db_impl_open.cc:271] Creating manifest 1 
2021/07/14-15:20:42.342071 7f297be741c0 [db/version_set.cc:4559] Recovering from manifest file: /home/goku/personal/portfolio/.dfx/state/replicated_state/node-100/ic_consensus_pool/consensus/MANIFEST-000001
2021/07/14-15:20:42.342158 7f297be741c0 [db/column_family.cc:578] --------------- Options for column family [default]:
2021/07/14-15:20:42.342160 7f297be741c0               Options.comparator: leveldb.BytewiseComparator
2021/07/14-15:20:42.342161 7f297be741c0           Options.merge_operator: None
2021/07/14-15:20:42.342162 7f297be741c0        Options.compaction_filter: None
2021/07/14-15:20:42.342163 7f297be741c0        Options.compaction_filter_factory: None
2021/07/14-15:20:42.342164 7f297be741c0  Options.sst_partitioner_factory: None
2021/07/14-15:20:42.342165 7f297be741c0         Options.memtable_factory: SkipListFactory
2021/07/14-15:20:42.342166 7f297be741c0            Options.table_factory: BlockBasedTable
2021/07/14-15:20:42.342189 7f297be741c0            table_factory options:   flush_block_policy_factory: FlushBlockBySizePolicyFactory (0x7f2963174050)
  cache_index_and_filter_blocks: 0
  cache_index_and_filter_blocks_with_high_priority: 1
  pin_l0_filter_and_index_blocks_in_cache: 0
  pin_top_level_index_and_filter: 1
  index_type: 0
  data_block_index_type: 0
  index_shortening: 1
  data_block_hash_table_util_ratio: 0.750000
  hash_index_allow_collision: 1
  checksum: 1
  no_block_cache: 0
  block_cache: 0x7f2963186790
  block_cache_name: LRUCache
  block_cache_options:
    capacity : 8388608
    num_shard_bits : 4
    strict_capacity_limit : 0
    memory_allocator : None
    high_pri_pool_ratio: 0.000
  block_cache_compressed: (nil)
  persistent_cache: (nil)
  block_size: 4096
  block_size_deviation: 10
  block_restart_interval: 16
  index_block_restart_interval: 1
  metadata_block_size: 4096
  partition_filters: 0
  use_delta_encoding: 1
  filter_policy: nullptr
  whole_key_filtering: 1
  verify_compression: 0
  read_amp_bytes_per_bit: 0
  format_version: 4
  enable_index_compression: 1
  block_align: 0
2021/07/14-15:20:42.342192 7f297be741c0        Options.write_buffer_size: 67108864
2021/07/14-15:20:42.342193 7f297be741c0  Options.max_write_buffer_number: 2
2021/07/14-15:20:42.342194 7f297be741c0          Options.compression: Snappy
2021/07/14-15:20:42.342195 7f297be741c0                  Options.bottommost_compression: Disabled
2021/07/14-15:20:42.342196 7f297be741c0       Options.prefix_extractor: nullptr
2021/07/14-15:20:42.342289 7f297be741c0   Options.memtable_insert_with_hint_prefix_extractor: nullptr
2021/07/14-15:20:42.342290 7f297be741c0             Options.num_levels: 7
2021/07/14-15:20:42.342291 7f297be741c0        Options.min_write_buffer_number_to_merge: 1
2021/07/14-15:20:42.342291 7f297be741c0     Options.max_write_buffer_number_to_maintain: 0
2021/07/14-15:20:42.342292 7f297be741c0     Options.max_write_buffer_size_to_maintain: 0
2021/07/14-15:20:42.342293 7f297be741c0            Options.bottommost_compression_opts.window_bits: -14
2021/07/14-15:20:42.342294 7f297be741c0                  Options.bottommost_compression_opts.level: 32767
2021/07/14-15:20:42.342295 7f297be741c0               Options.bottommost_compression_opts.strategy: 0
2021/07/14-15:20:42.342296 7f297be741c0         Options.bottommost_compression_opts.max_dict_bytes: 0
2021/07/14-15:20:42.342296 7f297be741c0         Options.bottommost_compression_opts.zstd_max_train_bytes: 0
2021/07/14-15:20:42.342297 7f297be741c0         Options.bottommost_compression_opts.parallel_threads: 1
2021/07/14-15:20:42.342298 7f297be741c0                  Options.bottommost_compression_opts.enabled: false
2021/07/14-15:20:42.342338 7f297be741c0            Options.compression_opts.window_bits: -14
2021/07/14-15:20:42.342340 7f297be741c0                  Options.compression_opts.level: 32767
2021/07/14-15:20:42.342341 7f297be741c0               Options.compression_opts.strategy: 0
2021/07/14-15:20:42.342342 7f297be741c0         Options.compression_opts.max_dict_bytes: 0
2021/07/14-15:20:42.342343 7f297be741c0         Options.compression_opts.zstd_max_train_bytes: 0
2021/07/14-15:20:42.342343 7f297be741c0         Options.compression_opts.parallel_threads: 1
2021/07/14-15:20:42.342344 7f297be741c0                  Options.compression_opts.enabled: false
2021/07/14-15:20:42.342345 7f297be741c0      Options.level0_file_num_compaction_trigger: 4
2021/07/14-15:20:42.342346 7f297be741c0          Options.level0_slowdown_writes_trigger: 20
2021/07/14-15:20:42.342347 7f297be741c0              Options.level0_stop_writes_trigger: 36
2021/07/14-15:20:42.342347 7f297be741c0                   Options.target_file_size_base: 67108864
2021/07/14-15:20:42.342348 7f297be741c0             Options.target_file_size_multiplier: 1
2021/07/14-15:20:42.342349 7f297be741c0                Options.max_bytes_for_level_base: 268435456
2021/07/14-15:20:42.342350 7f297be741c0 Options.level_compaction_dynamic_level_bytes: 0
2021/07/14-15:20:42.342351 7f297be741c0          Options.max_bytes_for_level_multiplier: 10.000000
2021/07/14-15:20:42.342353 7f297be741c0 Options.max_bytes_for_level_multiplier_addtl[0]: 1
2021/07/14-15:20:42.342354 7f297be741c0 Options.max_bytes_for_level_multiplier_addtl[1]: 1
2021/07/14-15:20:42.342355 7f297be741c0 Options.max_bytes_for_level_multiplier_addtl[2]: 1
2021/07/14-15:20:42.342356 7f297be741c0 Options.max_bytes_for_level_multiplier_addtl[3]: 1
2021/07/14-15:20:42.342356 7f297be741c0 Options.max_bytes_for_level_multiplier_addtl[4]: 1
2021/07/14-15:20:42.342357 7f297be741c0 Options.max_bytes_for_level_multiplier_addtl[5]: 1
2021/07/14-15:20:42.342358 7f297be741c0 Options.max_bytes_for_level_multiplier_addtl[6]: 1
2021/07/14-15:20:42.342359 7f297be741c0       Options.max_sequential_skip_in_iterations: 8
2021/07/14-15:20:42.342359 7f297be741c0                    Options.max_compaction_bytes: 1677721600
2021/07/14-15:20:42.342360 7f297be741c0                        Options.arena_block_size: 8388608
2021/07/14-15:20:42.342361 7f297be741c0   Options.soft_pending_compaction_bytes_limit: 68719476736
2021/07/14-15:20:42.342362 7f297be741c0   Options.hard_pending_compaction_bytes_limit: 274877906944
2021/07/14-15:20:42.342363 7f297be741c0       Options.rate_limit_delay_max_milliseconds: 100
2021/07/14-15:20:42.342363 7f297be741c0                Options.disable_auto_compactions: 0
2021/07/14-15:20:42.342365 7f297be741c0                        Options.compaction_style: kCompactionStyleLevel
2021/07/14-15:20:42.342366 7f297be741c0                          Options.compaction_pri: kMinOverlappingRatio
2021/07/14-15:20:42.342367 7f297be741c0 Options.compaction_options_universal.size_ratio: 1
2021/07/14-15:20:42.342367 7f297be741c0 Options.compaction_options_universal.min_merge_width: 2
2021/07/14-15:20:42.342368 7f297be741c0 Options.compaction_options_universal.max_merge_width: 4294967295
2021/07/14-15:20:42.342369 7f297be741c0 Options.compaction_options_universal.max_size_amplification_percent: 200
2021/07/14-15:20:42.342370 7f297be741c0 Options.compaction_options_universal.compression_size_percent: -1
2021/07/14-15:20:42.342371 7f297be741c0 Options.compaction_options_universal.stop_style: kCompactionStopStyleTotalSize
2021/07/14-15:20:42.342371 7f297be741c0 Options.compaction_options_fifo.max_table_files_size: 1073741824
2021/07/14-15:20:42.342372 7f297be741c0 Options.compaction_options_fifo.allow_compaction: 0
2021/07/14-15:20:42.342377 7f297be741c0                   Options.table_properties_collectors: 
2021/07/14-15:20:42.342378 7f297be741c0                   Options.inplace_update_support: 0
2021/07/14-15:20:42.342379 7f297be741c0                 Options.inplace_update_num_locks: 10000
2021/07/14-15:20:42.342388 7f297be741c0               Options.memtable_prefix_bloom_size_ratio: 0.000000
2021/07/14-15:20:42.342389 7f297be741c0               Options.memtable_whole_key_filtering: 0
2021/07/14-15:20:42.342390 7f297be741c0   Options.memtable_huge_page_size: 0
2021/07/14-15:20:42.342390 7f297be741c0                           Options.bloom_locality: 0
2021/07/14-15:20:42.342391 7f297be741c0                    Options.max_successive_merges: 0
2021/07/14-15:20:42.342392 7f297be741c0                Options.optimize_filters_for_hits: 0
2021/07/14-15:20:42.342393 7f297be741c0                Options.paranoid_file_checks: 0
2021/07/14-15:20:42.342393 7f297be741c0                Options.force_consistency_checks: 0
2021/07/14-15:20:42.342394 7f297be741c0                Options.report_bg_io_stats: 0
2021/07/14-15:20:42.342395 7f297be741c0                               Options.ttl: 2592000
2021/07/14-15:20:42.342396 7f297be741c0          Options.periodic_compaction_seconds: 0
2021/07/14-15:20:42.344036 7f297be741c0 [db/version_set.cc:4708] Recovered from manifest file:/home/goku/personal/portfolio/.dfx/state/replicated_state/node-100/ic_consensus_pool/consensus/MANIFEST-000001 succeeded,manifest_file_number is 1, next_file_number is 3, last_sequence is 0, log_number is 0,prev_log_number is 0,max_column_family is 0,min_log_number_to_keep is 0
2021/07/14-15:20:42.344046 7f297be741c0 [db/version_set.cc:4724] Column family [default] (ID 0), log number is 0
2021/07/14-15:20:42.344164 7f297be741c0 [db/version_set.cc:3949] Creating manifest 4
2021/07/14-15:20:42.500852 7f297be741c0 [db/column_family.cc:578] --------------- Options for column family [RB]:
2021/07/14-15:20:42.500857 7f297be741c0               Options.comparator: leveldb.BytewiseComparator
2021/07/14-15:20:42.500859 7f297be741c0           Options.merge_operator: None
2021/07/14-15:20:42.500861 7f297be741c0        Options.compaction_filter: filter_outdated
2021/07/14-15:20:42.500862 7f297be741c0        Options.compaction_filter_factory: None
2021/07/14-15:20:42.500863 7f297be741c0  Options.sst_partitioner_factory: None
2021/07/14-15:20:42.500864 7f297be741c0         Options.memtable_factory: SkipListFactory
2021/07/14-15:20:42.500865 7f297be741c0            Options.table_factory: BlockBasedTable
2021/07/14-15:20:42.500889 7f297be741c0            table_factory options:   flush_block_policy_factory: FlushBlockBySizePolicyFactory (0x7f297ba08f28)
  cache_index_and_filter_blocks: 0
  cache_index_and_filter_blocks_with_high_priority: 1
  pin_l0_filter_and_index_blocks_in_cache: 0
  pin_top_level_index_and_filter: 1
  index_type: 0
  data_block_index_type: 0
  index_shortening: 1
  data_block_hash_table_util_ratio: 0.750000
  hash_index_allow_collision: 1
  checksum: 1
  no_block_cache: 0
  block_cache: 0x7f296316f190
  block_cache_name: LRUCache
  block_cache_options:
    capacity : 8388608
    num_shard_bits : 4
    strict_capacity_limit : 0
    memory_allocator : None
    high_pri_pool_ratio: 0.000
  block_cache_compressed: (nil)
  persistent_cache: (nil)
  block_size: 4096
  block_size_deviation: 10
  block_restart_interval: 16
  index_block_restart_interval: 1
  metadata_block_size: 4096
  partition_filters: 0
  use_delta_encoding: 1
  filter_policy: nullptr
  whole_key_filtering: 1
  verify_compression: 0
  read_amp_bytes_per_bit: 0
  format_version: 4
  enable_index_compression: 1
  block_align: 0
2021/07/14-15:20:42.500893 7f297be741c0        Options.write_buffer_size: 67108864
2021/07/14-15:20:42.500894 7f297be741c0  Options.max_write_buffer_number: 2
2021/07/14-15:20:42.500895 7f297be741c0          Options.compression: NoCompression
2021/07/14-15:20:42.500896 7f297be741c0                  Options.bottommost_compression: Disabled
2021/07/14-15:20:42.500897 7f297be741c0       Options.prefix_extractor: nullptr
2021/07/14-15:20:42.500898 7f297be741c0   Options.memtable_insert_with_hint_prefix_extractor: nullptr
2021/07/14-15:20:42.500899 7f297be741c0             Options.num_levels: 7
2021/07/14-15:20:42.500899 7f297be741c0        Options.min_write_buffer_number_to_merge: 1
2021/07/14-15:20:42.500900 7f297be741c0     Options.max_write_buffer_number_to_maintain: 0
2021/07/14-15:20:42.500901 7f297be741c0     Options.max_write_buffer_size_to_maintain: 0
2021/07/14-15:20:42.500902 7f297be741c0            Options.bottommost_compression_opts.window_bits: -14
2021/07/14-15:20:42.500903 7f297be741c0                  Options.bottommost_compression_opts.level: 32767
2021/07/14-15:20:42.500904 7f297be741c0               Options.bottommost_compression_opts.strategy: 0
2021/07/14-15:20:42.500905 7f297be741c0         Options.bottommost_compression_opts.max_dict_bytes: 0
2021/07/14-15:20:42.500905 7f297be741c0         Options.bottommost_compression_opts.zstd_max_train_bytes: 0
2021/07/14-15:20:42.500906 7f297be741c0         Options.bottommost_compression_opts.parallel_threads: 1
2021/07/14-15:20:42.500907 7f297be741c0                  Options.bottommost_compression_opts.enabled: false
2021/07/14-15:20:42.500908 7f297be741c0            Options.compression_opts.window_bits: -14
2021/07/14-15:20:42.500909 7f297be741c0                  Options.compression_opts.level: 32767
2021/07/14-15:20:42.500910 7f297be741c0               Options.compression_opts.strategy: 0
2021/07/14-15:20:42.500910 7f297be741c0         Options.compression_opts.max_dict_bytes: 0
2021/07/14-15:20:42.500911 7f297be741c0         Options.compression_opts.zstd_max_train_bytes: 0
2021/07/14-15:20:42.500912 7f297be741c0         Options.compression_opts.parallel_threads: 1
2021/07/14-15:20:42.500912 7f297be741c0                  Options.compression_opts.enabled: false
2021/07/14-15:20:42.500925 7f297be741c0      Options.level0_file_num_compaction_trigger: 4
2021/07/14-15:20:42.500926 7f297be741c0          Options.level0_slowdown_writes_trigger: 20
2021/07/14-15:20:42.500927 7f297be741c0              Options.level0_stop_writes_trigger: 36
2021/07/14-15:20:42.500928 7f297be741c0                   Options.target_file_size_base: 67108864
2021/07/14-15:20:42.500929 7f297be741c0             Options.target_file_size_multiplier: 1
2021/07/14-15:20:42.500929 7f297be741c0                Options.max_bytes_for_level_base: 268435456
2021/07/14-15:20:42.500930 7f297be741c0 Options.level_compaction_dynamic_level_bytes: 0
2021/07/14-15:20:42.500931 7f297be741c0          Options.max_bytes_for_level_multiplier: 10.000000
2021/07/14-15:20:42.500933 7f297be741c0 Options.max_bytes_for_level_multiplier_addtl[0]: 1
2021/07/14-15:20:42.500934 7f297be741c0 Options.max_bytes_for_level_multiplier_addtl[1]: 1
2021/07/14-15:20:42.500934 7f297be741c0 Options.max_bytes_for_level_multiplier_addtl[2]: 1
2021/07/14-15:20:42.500935 7f297be741c0 Options.max_bytes_for_level_multiplier_addtl[3]: 1
2021/07/14-15:20:42.500936 7f297be741c0 Options.max_bytes_for_level_multiplier_addtl[4]: 1
2021/07/14-15:20:42.500937 7f297be741c0 Options.max_bytes_for_level_multiplier_addtl[5]: 1
2021/07/14-15:20:42.500937 7f297be741c0 Options.max_bytes_for_level_multiplier_addtl[6]: 1
2021/07/14-15:20:42.500938 7f297be741c0       Options.max_sequential_skip_in_iterations: 8
2021/07/14-15:20:42.500939 7f297be741c0                    Options.max_compaction_bytes: 1677721600
2021/07/14-15:20:42.500940 7f297be741c0                        Options.arena_block_size: 8388608
2021/07/14-15:20:42.500940 7f297be741c0   Options.soft_pending_compaction_bytes_limit: 68719476736
2021/07/14-15:20:42.500941 7f297be741c0   Options.hard_pending_compaction_bytes_limit: 274877906944
2021/07/14-15:20:42.500942 7f297be741c0       Options.rate_limit_delay_max_milliseconds: 100
2021/07/14-15:20:42.500943 7f297be741c0                Options.disable_auto_compactions: 1
2021/07/14-15:20:42.500944 7f297be741c0                        Options.compaction_style: kCompactionStyleLevel
2021/07/14-15:20:42.500945 7f297be741c0                          Options.compaction_pri: kMinOverlappingRatio
2021/07/14-15:20:42.500946 7f297be741c0 Options.compaction_options_universal.size_ratio: 1
2021/07/14-15:20:42.500947 7f297be741c0 Options.compaction_options_universal.min_merge_width: 2
2021/07/14-15:20:42.500948 7f297be741c0 Options.compaction_options_universal.max_merge_width: 4294967295
2021/07/14-15:20:42.500949 7f297be741c0 Options.compaction_options_universal.max_size_amplification_percent: 200
2021/07/14-15:20:42.500949 7f297be741c0 Options.compaction_options_universal.compression_size_percent: -1
2021/07/14-15:20:42.500951 7f297be741c0 Options.compaction_options_universal.stop_style: kCompactionStopStyleTotalSize
2021/07/14-15:20:42.500951 7f297be741c0 Options.compaction_options_fifo.max_table_files_size: 1073741824
2021/07/14-15:20:42.500952 7f297be741c0 Options.compaction_options_fifo.allow_compaction: 0
2021/07/14-15:20:42.500958 7f297be741c0                   Options.table_properties_collectors: 
2021/07/14-15:20:42.500958 7f297be741c0                   Options.inplace_update_support: 0
2021/07/14-15:20:42.500959 7f297be741c0                 Options.inplace_update_num_locks: 10000
2021/07/14-15:20:42.500960 7f297be741c0               Options.memtable_prefix_bloom_size_ratio: 0.000000
2021/07/14-15:20:42.500961 7f297be741c0               Options.memtable_whole_key_filtering: 0
2021/07/14-15:20:42.500962 7f297be741c0   Options.memtable_huge_page_size: 0
2021/07/14-15:20:42.500963 7f297be741c0                           Options.bloom_locality: 0
2021/07/14-15:20:42.500963 7f297be741c0                    Options.max_successive_merges: 0
2021/07/14-15:20:42.500964 7f297be741c0                Options.optimize_filters_for_hits: 0
2021/07/14-15:20:42.500965 7f297be741c0                Options.paranoid_file_checks: 0
2021/07/14-15:20:42.500966 7f297be741c0                Options.force_consistency_checks: 0
2021/07/14-15:20:42.500971 7f297be741c0                Options.report_bg_io_stats: 0
2021/07/14-15:20:42.500972 7f297be741c0                               Options.ttl: 2592000
2021/07/14-15:20:42.500973 7f297be741c0          Options.periodic_compaction_seconds: 2592000
2021/07/14-15:20:42.501007 7f297be741c0 [db/db_impl/db_impl.cc:2561] Created column family [RB] (ID 1)
2021/07/14-15:20:42.609006 7f297be741c0 [db/column_family.cc:578] --------------- Options for column family [FZ]:
2021/07/14-15:20:42.609017 7f297be741c0               Options.comparator: leveldb.BytewiseComparator
2021/07/14-15:20:42.609018 7f297be741c0           Options.merge_operator: None
2021/07/14-15:20:42.609021 7f297be741c0        Options.compaction_filter: filter_outdated
2021/07/14-15:20:42.609022 7f297be741c0        Options.compaction_filter_factory: None
2021/07/14-15:20:42.609023 7f297be741c0  Options.sst_partitioner_factory: None
2021/07/14-15:20:42.609024 7f297be741c0         Options.memtable_factory: SkipListFactory
2021/07/14-15:20:42.609024 7f297be741c0            Options.table_factory: BlockBasedTable
2021/07/14-15:20:42.609049 7f297be741c0            table_factory options:   flush_block_policy_factory: FlushBlockBySizePolicyFactory (0x7f297ba08f40)
  cache_index_and_filter_blocks: 0
  cache_index_and_filter_blocks_with_high_priority: 1
  pin_l0_filter_and_index_blocks_in_cache: 0
  pin_top_level_index_and_filter: 1
  index_type: 0
  data_block_index_type: 0
  index_shortening: 1
  data_block_hash_table_util_ratio: 0.750000
  hash_index_allow_collision: 1
  checksum: 1
  no_block_cache: 0
  block_cache: 0x7f296316fa10
  block_cache_name: LRUCache
  block_cache_options:
    capacity : 8388608
    num_shard_bits : 4
    strict_capacity_limit : 0
    memory_allocator : None
    high_pri_pool_ratio: 0.000
  block_cache_compressed: (nil)
  persistent_cache: (nil)
  block_size: 4096
  block_size_deviation: 10
  block_restart_interval: 16
  index_block_restart_interval: 1
  metadata_block_size: 4096
  partition_filters: 0
  use_delta_encoding: 1
  filter_policy: nullptr
  whole_key_filtering: 1
  verify_compression: 0
  read_amp_bytes_per_bit: 0
  format_version: 4
  enable_index_compression: 1
  block_align: 0
2021/07/14-15:20:42.609053 7f297be741c0        Options.write_buffer_size: 67108864
2021/07/14-15:20:42.609054 7f297be741c0  Options.max_write_buffer_number: 2
2021/07/14-15:20:42.609055 7f297be741c0          Options.compression: NoCompression
2021/07/14-15:20:42.609055 7f297be741c0                  Options.bottommost_compression: Disabled
2021/07/14-15:20:42.609056 7f297be741c0       Options.prefix_extractor: nullptr
2021/07/14-15:20:42.609057 7f297be741c0   Options.memtable_insert_with_hint_prefix_extractor: nullptr
2021/07/14-15:20:42.609058 7f297be741c0             Options.num_levels: 7
2021/07/14-15:20:42.609059 7f297be741c0        Options.min_write_buffer_number_to_merge: 1
2021/07/14-15:20:42.609060 7f297be741c0     Options.max_write_buffer_number_to_maintain: 0
2021/07/14-15:20:42.609060 7f297be741c0     Options.max_write_buffer_size_to_maintain: 0
2021/07/14-15:20:42.609061 7f297be741c0            Options.bottommost_compression_opts.window_bits: -14
2021/07/14-15:20:42.609062 7f297be741c0                  Options.bottommost_compression_opts.level: 32767
2021/07/14-15:20:42.609063 7f297be741c0               Options.bottommost_compression_opts.strategy: 0
2021/07/14-15:20:42.609064 7f297be741c0         Options.bottommost_compression_opts.max_dict_bytes: 0
2021/07/14-15:20:42.609065 7f297be741c0         Options.bottommost_compression_opts.zstd_max_train_bytes: 0
2021/07/14-15:20:42.609066 7f297be741c0         Options.bottommost_compression_opts.parallel_threads: 1
2021/07/14-15:20:42.609066 7f297be741c0                  Options.bottommost_compression_opts.enabled: false
2021/07/14-15:20:42.609067 7f297be741c0            Options.compression_opts.window_bits: -14
2021/07/14-15:20:42.609068 7f297be741c0                  Options.compression_opts.level: 32767
2021/07/14-15:20:42.609069 7f297be741c0               Options.compression_opts.strategy: 0
2021/07/14-15:20:42.609069 7f297be741c0         Options.compression_opts.max_dict_bytes: 0
2021/07/14-15:20:42.609070 7f297be741c0         Options.compression_opts.zstd_max_train_bytes: 0
2021/07/14-15:20:42.609071 7f297be741c0         Options.compression_opts.parallel_threads: 1
2021/07/14-15:20:42.609072 7f297be741c0                  Options.compression_opts.enabled: false
2021/07/14-15:20:42.609084 7f297be741c0      Options.level0_file_num_compaction_trigger: 4
2021/07/14-15:20:42.609085 7f297be741c0          Options.level0_slowdown_writes_trigger: 20
2021/07/14-15:20:42.609086 7f297be741c0              Options.level0_stop_writes_trigger: 36
2021/07/14-15:20:42.609087 7f297be741c0                   Options.target_file_size_base: 67108864
2021/07/14-15:20:42.609088 7f297be741c0             Options.target_file_size_multiplier: 1
2021/07/14-15:20:42.609088 7f297be741c0                Options.max_bytes_for_level_base: 268435456
2021/07/14-15:20:42.609089 7f297be741c0 Options.level_compaction_dynamic_level_bytes: 0
2021/07/14-15:20:42.609090 7f297be741c0          Options.max_bytes_for_level_multiplier: 10.000000
2021/07/14-15:20:42.609092 7f297be741c0 Options.max_bytes_for_level_multiplier_addtl[0]: 1
2021/07/14-15:20:42.609093 7f297be741c0 Options.max_bytes_for_level_multiplier_addtl[1]: 1
2021/07/14-15:20:42.609093 7f297be741c0 Options.max_bytes_for_level_multiplier_addtl[2]: 1
2021/07/14-15:20:42.609094 7f297be741c0 Options.max_bytes_for_level_multiplier_addtl[3]: 1
2021/07/14-15:20:42.609095 7f297be741c0 Options.max_bytes_for_level_multiplier_addtl[4]: 1
2021/07/14-15:20:42.609096 7f297be741c0 Options.max_bytes_for_level_multiplier_addtl[5]: 1
2021/07/14-15:20:42.609096 7f297be741c0 Options.max_bytes_for_level_multiplier_addtl[6]: 1
2021/07/14-15:20:42.609097 7f297be741c0       Options.max_sequential_skip_in_iterations: 8
2021/07/14-15:20:42.609098 7f297be741c0                    Options.max_compaction_bytes: 1677721600
2021/07/14-15:20:42.609099 7f297be741c0                        Options.arena_block_size: 8388608
2021/07/14-15:20:42.609099 7f297be741c0   Options.soft_pending_compaction_bytes_limit: 68719476736
2021/07/14-15:20:42.609100 7f297be741c0   Options.hard_pending_compaction_bytes_limit: 274877906944
2021/07/14-15:20:42.609101 7f297be741c0       Options.rate_limit_delay_max_milliseconds: 100
2021/07/14-15:20:42.609102 7f297be741c0                Options.disable_auto_compactions: 1
2021/07/14-15:20:42.609103 7f297be741c0                        Options.compaction_style: kCompactionStyleLevel
2021/07/14-15:20:42.609105 7f297be741c0                          Options.compaction_pri: kMinOverlappingRatio
2021/07/14-15:20:42.609105 7f297be741c0 Options.compaction_options_universal.size_ratio: 1
2021/07/14-15:20:42.609106 7f297be741c0 Options.compaction_options_universal.min_merge_width: 2
2021/07/14-15:20:42.609107 7f297be741c0 Options.compaction_options_universal.max_merge_width: 4294967295
2021/07/14-15:20:42.609108 7f297be741c0 Options.compaction_options_universal.max_size_amplification_percent: 200
2021/07/14-15:20:42.609109 7f297be741c0 Options.compaction_options_universal.compression_size_percent: -1
2021/07/14-15:20:42.609110 7f297be741c0 Options.compaction_options_universal.stop_style: kCompactionStopStyleTotalSize
2021/07/14-15:20:42.609110 7f297be741c0 Options.compaction_options_fifo.max_table_files_size: 1073741824
2021/07/14-15:20:42.609111 7f297be741c0 Options.compaction_options_fifo.allow_compaction: 0
2021/07/14-15:20:42.609116 7f297be741c0                   Options.table_properties_collectors: 
2021/07/14-15:20:42.609117 7f297be741c0                   Options.inplace_update_support: 0
2021/07/14-15:20:42.609117 7f297be741c0                 Options.inplace_update_num_locks: 10000
2021/07/14-15:20:42.609118 7f297be741c0               Options.memtable_prefix_bloom_size_ratio: 0.000000
2021/07/14-15:20:42.609119 7f297be741c0               Options.memtable_whole_key_filtering: 0
2021/07/14-15:20:42.609120 7f297be741c0   Options.memtable_huge_page_size: 0
2021/07/14-15:20:42.609121 7f297be741c0                           Options.bloom_locality: 0
2021/07/14-15:20:42.609122 7f297be741c0                    Options.max_successive_merges: 0
2021/07/14-15:20:42.609122 7f297be741c0                Options.optimize_filters_for_hits: 0
2021/07/14-15:20:42.609123 7f297be741c0                Options.paranoid_file_checks: 0
2021/07/14-15:20:42.609124 7f297be741c0                Options.force_consistency_checks: 0
2021/07/14-15:20:42.609129 7f297be741c0                Options.report_bg_io_stats: 0
2021/07/14-15:20:42.609130 7f297be741c0                               Options.ttl: 2592000
2021/07/14-15:20:42.609131 7f297be741c0          Options.periodic_compaction_seconds: 2592000
2021/07/14-15:20:42.609167 7f297be741c0 [db/db_impl/db_impl.cc:2561] Created column family [FZ] (ID 2)
2021/07/14-15:20:42.717617 7f297be741c0 [db/column_family.cc:578] --------------- Options for column family [NZ]:
2021/07/14-15:20:42.717627 7f297be741c0               Options.comparator: leveldb.BytewiseComparator
2021/07/14-15:20:42.717628 7f297be741c0           Options.merge_operator: None
2021/07/14-15:20:42.717631 7f297be741c0        Options.compaction_filter: filter_outdated
2021/07/14-15:20:42.717631 7f297be741c0        Options.compaction_filter_factory: None
2021/07/14-15:20:42.717632 7f297be741c0  Options.sst_partitioner_factory: None
2021/07/14-15:20:42.717633 7f297be741c0         Options.memtable_factory: SkipListFactory
2021/07/14-15:20:42.717634 7f297be741c0            Options.table_factory: BlockBasedTable
2021/07/14-15:20:42.717657 7f297be741c0            table_factory options:   flush_block_policy_factory: FlushBlockBySizePolicyFactory (0x7f297ba08f58)
  cache_index_and_filter_blocks: 0
  cache_index_and_filter_blocks_with_high_priority: 1
  pin_l0_filter_and_index_blocks_in_cache: 0
  pin_top_level_index_and_filter: 1
  index_type: 0
  data_block_index_type: 0
  index_shortening: 1
  data_block_hash_table_util_ratio: 0.750000
  hash_index_allow_collision: 1
  checksum: 1
  no_block_cache: 0
  block_cache: 0x7f2963170290
  block_cache_name: LRUCache
  block_cache_options:
    capacity : 8388608
    num_shard_bits : 4
    strict_capacity_limit : 0
    memory_allocator : None
    high_pri_pool_ratio: 0.000
  block_cache_compressed: (nil)
  persistent_cache: (nil)
  block_size: 4096
  block_size_deviation: 10
  block_restart_interval: 16
  index_block_restart_interval: 1
  metadata_block_size: 4096
  partition_filters: 0
  use_delta_encoding: 1
  filter_policy: nullptr
  whole_key_filtering: 1
  verify_compression: 0
  read_amp_bytes_per_bit: 0
  format_version: 4
  enable_index_compression: 1
  block_align: 0
2021/07/14-15:20:42.717661 7f297be741c0        Options.write_buffer_size: 67108864
2021/07/14-15:20:42.717662 7f297be741c0  Options.max_write_buffer_number: 2
2021/07/14-15:20:42.717663 7f297be741c0          Options.compression: NoCompression
2021/07/14-15:20:42.717664 7f297be741c0                  Options.bottommost_compression: Disabled
2021/07/14-15:20:42.717665 7f297be741c0       Options.prefix_extractor: nullptr
2021/07/14-15:20:42.717666 7f297be741c0   Options.memtable_insert_with_hint_prefix_extractor: nullptr
2021/07/14-15:20:42.717667 7f297be741c0             Options.num_levels: 7
2021/07/14-15:20:42.717667 7f297be741c0        Options.min_write_buffer_number_to_merge: 1
2021/07/14-15:20:42.717668 7f297be741c0     Options.max_write_buffer_number_to_maintain: 0
2021/07/14-15:20:42.717669 7f297be741c0     Options.max_write_buffer_size_to_maintain: 0
2021/07/14-15:20:42.717670 7f297be741c0            Options.bottommost_compression_opts.window_bits: -14
2021/07/14-15:20:42.717671 7f297be741c0                  Options.bottommost_compression_opts.level: 32767
2021/07/14-15:20:42.717672 7f297be741c0               Options.bottommost_compression_opts.strategy: 0
2021/07/14-15:20:42.717672 7f297be741c0         Options.bottommost_compression_opts.max_dict_bytes: 0
2021/07/14-15:20:42.717673 7f297be741c0         Options.bottommost_compression_opts.zstd_max_train_bytes: 0
2021/07/14-15:20:42.717674 7f297be741c0         Options.bottommost_compression_opts.parallel_threads: 1
2021/07/14-15:20:42.717675 7f297be741c0                  Options.bottommost_compression_opts.enabled: false
2021/07/14-15:20:42.717676 7f297be741c0            Options.compression_opts.window_bits: -14
2021/07/14-15:20:42.717677 7f297be741c0                  Options.compression_opts.level: 32767
2021/07/14-15:20:42.717677 7f297be741c0               Options.compression_opts.strategy: 0
2021/07/14-15:20:42.717678 7f297be741c0         Options.compression_opts.max_dict_bytes: 0
2021/07/14-15:20:42.717679 7f297be741c0         Options.compression_opts.zstd_max_train_bytes: 0
2021/07/14-15:20:42.717679 7f297be741c0         Options.compression_opts.parallel_threads: 1
2021/07/14-15:20:42.717680 7f297be741c0                  Options.compression_opts.enabled: false
2021/07/14-15:20:42.717694 7f297be741c0      Options.level0_file_num_compaction_trigger: 4
2021/07/14-15:20:42.717695 7f297be741c0          Options.level0_slowdown_writes_trigger: 20
2021/07/14-15:20:42.717696 7f297be741c0              Options.level0_stop_writes_trigger: 36
2021/07/14-15:20:42.717696 7f297be741c0                   Options.target_file_size_base: 67108864
2021/07/14-15:20:42.717697 7f297be741c0             Options.target_file_size_multiplier: 1
2021/07/14-15:20:42.717698 7f297be741c0                Options.max_bytes_for_level_base: 268435456
