2021/07/14-15:20:43.999086 7f297be741c0 RocksDB version: 6.12.7
2021/07/14-15:20:43.999112 7f297be741c0 Git sha rocksdb_build_git_sha:@0@
2021/07/14-15:20:43.999113 7f297be741c0 Compile date Jan  1 1980
2021/07/14-15:20:43.999138 7f297be741c0 DB SUMMARY
2021/07/14-15:20:43.999139 7f297be741c0 DB Session ID:  DZ90XAZUFGTW6UK9JSXS
2021/07/14-15:20:43.999149 7f297be741c0 SST files in /home/goku/personal/portfolio/.dfx/state/replicated_state/node-100/ic_consensus_pool/certification dir, Total Num: 0, files: 
2021/07/14-15:20:43.999151 7f297be741c0 Write Ahead Log file in /home/goku/personal/portfolio/.dfx/state/replicated_state/node-100/ic_consensus_pool/certification: 
2021/07/14-15:20:43.999152 7f297be741c0                         Options.error_if_exists: 0
2021/07/14-15:20:43.999153 7f297be741c0                       Options.create_if_missing: 1
2021/07/14-15:20:43.999154 7f297be741c0                         Options.paranoid_checks: 1
2021/07/14-15:20:43.999155 7f297be741c0                                     Options.env: 0x55ea94d99ba0
2021/07/14-15:20:43.999156 7f297be741c0                                      Options.fs: Posix File System
2021/07/14-15:20:43.999157 7f297be741c0                                Options.info_log: 0x7f29631f62e0
2021/07/14-15:20:43.999158 7f297be741c0                Options.max_file_opening_threads: 16
2021/07/14-15:20:43.999159 7f297be741c0                              Options.statistics: (nil)
2021/07/14-15:20:43.999160 7f297be741c0                               Options.use_fsync: 1
2021/07/14-15:20:43.999161 7f297be741c0                       Options.max_log_file_size: 0
2021/07/14-15:20:43.999162 7f297be741c0                  Options.max_manifest_file_size: 1073741824
2021/07/14-15:20:43.999163 7f297be741c0                   Options.log_file_time_to_roll: 0
2021/07/14-15:20:43.999163 7f297be741c0                       Options.keep_log_file_num: 1000
2021/07/14-15:20:43.999164 7f297be741c0                    Options.recycle_log_file_num: 0
2021/07/14-15:20:43.999165 7f297be741c0                         Options.allow_fallocate: 1
2021/07/14-15:20:43.999166 7f297be741c0                        Options.allow_mmap_reads: 0
2021/07/14-15:20:43.999167 7f297be741c0                       Options.allow_mmap_writes: 0
2021/07/14-15:20:43.999168 7f297be741c0                        Options.use_direct_reads: 0
2021/07/14-15:20:43.999168 7f297be741c0                        Options.use_direct_io_for_flush_and_compaction: 0
2021/07/14-15:20:43.999169 7f297be741c0          Options.create_missing_column_families: 1
2021/07/14-15:20:43.999170 7f297be741c0                              Options.db_log_dir: 
2021/07/14-15:20:43.999171 7f297be741c0                                 Options.wal_dir: /home/goku/personal/portfolio/.dfx/state/replicated_state/node-100/ic_consensus_pool/certification
2021/07/14-15:20:43.999172 7f297be741c0                Options.table_cache_numshardbits: 6
2021/07/14-15:20:43.999173 7f297be741c0                         Options.WAL_ttl_seconds: 0
2021/07/14-15:20:43.999174 7f297be741c0                       Options.WAL_size_limit_MB: 0
2021/07/14-15:20:43.999174 7f297be741c0                        Options.max_write_batch_group_size_bytes: 1048576
2021/07/14-15:20:43.999175 7f297be741c0             Options.manifest_preallocation_size: 4194304
2021/07/14-15:20:43.999176 7f297be741c0                     Options.is_fd_close_on_exec: 1
2021/07/14-15:20:43.999177 7f297be741c0                   Options.advise_random_on_open: 1
2021/07/14-15:20:43.999177 7f297be741c0                    Options.db_write_buffer_size: 0
2021/07/14-15:20:43.999178 7f297be741c0                    Options.write_buffer_manager: 0x7f296316a890
2021/07/14-15:20:43.999179 7f297be741c0         Options.access_hint_on_compaction_start: 1
2021/07/14-15:20:43.999180 7f297be741c0  Options.new_table_reader_for_compaction_inputs: 0
2021/07/14-15:20:43.999180 7f297be741c0           Options.random_access_max_buffer_size: 1048576
2021/07/14-15:20:43.999181 7f297be741c0                      Options.use_adaptive_mutex: 0
2021/07/14-15:20:43.999182 7f297be741c0                            Options.rate_limiter: (nil)
2021/07/14-15:20:43.999189 7f297be741c0     Options.sst_file_manager.rate_bytes_per_sec: 0
2021/07/14-15:20:43.999189 7f297be741c0                       Options.wal_recovery_mode: 2
2021/07/14-15:20:43.999190 7f297be741c0                  Options.enable_thread_tracking: 0
2021/07/14-15:20:43.999191 7f297be741c0                  Options.enable_pipelined_write: 0
2021/07/14-15:20:43.999192 7f297be741c0                  Options.unordered_write: 0
2021/07/14-15:20:43.999192 7f297be741c0         Options.allow_concurrent_memtable_write: 1
2021/07/14-15:20:43.999193 7f297be741c0      Options.enable_write_thread_adaptive_yield: 1
2021/07/14-15:20:43.999194 7f297be741c0             Options.write_thread_max_yield_usec: 100
2021/07/14-15:20:43.999195 7f297be741c0            Options.write_thread_slow_yield_usec: 3
2021/07/14-15:20:43.999195 7f297be741c0                               Options.row_cache: None
2021/07/14-15:20:43.999196 7f297be741c0                              Options.wal_filter: None
2021/07/14-15:20:43.999197 7f297be741c0             Options.avoid_flush_during_recovery: 0
2021/07/14-15:20:43.999198 7f297be741c0             Options.allow_ingest_behind: 0
2021/07/14-15:20:43.999199 7f297be741c0             Options.preserve_deletes: 0
2021/07/14-15:20:43.999199 7f297be741c0             Options.two_write_queues: 0
2021/07/14-15:20:43.999200 7f297be741c0             Options.manual_wal_flush: 0
2021/07/14-15:20:43.999201 7f297be741c0             Options.atomic_flush: 0
2021/07/14-15:20:43.999201 7f297be741c0             Options.avoid_unnecessary_blocking_io: 0
2021/07/14-15:20:43.999202 7f297be741c0                 Options.persist_stats_to_disk: 0
2021/07/14-15:20:43.999203 7f297be741c0                 Options.write_dbid_to_manifest: 0
2021/07/14-15:20:43.999204 7f297be741c0                 Options.log_readahead_size: 0
2021/07/14-15:20:43.999204 7f297be741c0                 Options.file_checksum_gen_factory: Unknown
2021/07/14-15:20:43.999205 7f297be741c0                 Options.best_efforts_recovery: 0
2021/07/14-15:20:43.999206 7f297be741c0                Options.max_bgerror_resume_count: 2147483647
2021/07/14-15:20:43.999207 7f297be741c0            Options.bgerror_resume_retry_interval: 1000000
2021/07/14-15:20:43.999208 7f297be741c0             Options.max_background_jobs: 2
2021/07/14-15:20:43.999208 7f297be741c0             Options.max_background_compactions: -1
2021/07/14-15:20:43.999209 7f297be741c0             Options.max_subcompactions: 1
2021/07/14-15:20:43.999210 7f297be741c0             Options.avoid_flush_during_shutdown: 0
2021/07/14-15:20:43.999211 7f297be741c0           Options.writable_file_max_buffer_size: 1048576
2021/07/14-15:20:43.999212 7f297be741c0             Options.delayed_write_rate : 16777216
2021/07/14-15:20:43.999212 7f297be741c0             Options.max_total_wal_size: 0
2021/07/14-15:20:43.999213 7f297be741c0             Options.delete_obsolete_files_period_micros: 21600000000
2021/07/14-15:20:43.999214 7f297be741c0                   Options.stats_dump_period_sec: 600
2021/07/14-15:20:43.999215 7f297be741c0                 Options.stats_persist_period_sec: 600
2021/07/14-15:20:43.999215 7f297be741c0                 Options.stats_history_buffer_size: 1048576
2021/07/14-15:20:43.999216 7f297be741c0                          Options.max_open_files: -1
2021/07/14-15:20:43.999217 7f297be741c0                          Options.bytes_per_sync: 0
2021/07/14-15:20:43.999218 7f297be741c0                      Options.wal_bytes_per_sync: 0
2021/07/14-15:20:43.999219 7f297be741c0                   Options.strict_bytes_per_sync: 0
2021/07/14-15:20:43.999219 7f297be741c0       Options.compaction_readahead_size: 0
2021/07/14-15:20:43.999220 7f297be741c0                  Options.max_background_flushes: -1
2021/07/14-15:20:43.999221 7f297be741c0 Compression algorithms supported:
2021/07/14-15:20:43.999222 7f297be741c0 	kZSTDNotFinalCompression supported: 1
2021/07/14-15:20:43.999223 7f297be741c0 	kZSTD supported: 1
2021/07/14-15:20:43.999224 7f297be741c0 	kXpressCompression supported: 0
2021/07/14-15:20:43.999225 7f297be741c0 	kLZ4HCCompression supported: 1
2021/07/14-15:20:43.999230 7f297be741c0 	kLZ4Compression supported: 1
2021/07/14-15:20:43.999231 7f297be741c0 	kBZip2Compression supported: 1
2021/07/14-15:20:43.999232 7f297be741c0 	kZlibCompression supported: 1
2021/07/14-15:20:43.999233 7f297be741c0 	kSnappyCompression supported: 1
2021/07/14-15:20:43.999237 7f297be741c0 Fast CRC32 supported: Supported on x86
2021/07/14-15:20:44.062958 7f297be741c0 [db/db_impl/db_impl_open.cc:271] Creating manifest 1 
2021/07/14-15:20:44.254839 7f297be741c0 [db/version_set.cc:4559] Recovering from manifest file: /home/goku/personal/portfolio/.dfx/state/replicated_state/node-100/ic_consensus_pool/certification/MANIFEST-000001
2021/07/14-15:20:44.254966 7f297be741c0 [db/column_family.cc:578] --------------- Options for column family [default]:
2021/07/14-15:20:44.254969 7f297be741c0               Options.comparator: leveldb.BytewiseComparator
2021/07/14-15:20:44.254970 7f297be741c0           Options.merge_operator: None
2021/07/14-15:20:44.254971 7f297be741c0        Options.compaction_filter: None
2021/07/14-15:20:44.254972 7f297be741c0        Options.compaction_filter_factory: None
2021/07/14-15:20:44.254973 7f297be741c0  Options.sst_partitioner_factory: None
2021/07/14-15:20:44.254974 7f297be741c0         Options.memtable_factory: SkipListFactory
2021/07/14-15:20:44.254975 7f297be741c0            Options.table_factory: BlockBasedTable
2021/07/14-15:20:44.254995 7f297be741c0            table_factory options:   flush_block_policy_factory: FlushBlockBySizePolicyFactory (0x7f2963174bb8)
  cache_index_and_filter_blocks: 0
  cache_index_and_filter_blocks_with_high_priority: 1
  pin_l0_filter_and_index_blocks_in_cache: 0
  pin_top_level_index_and_filter: 1
  index_type: 0
  data_block_index_type: 0
  index_shortening: 1
  data_block_hash_table_util_ratio: 0.750000
  hash_index_allow_collision: 1
  checksum: 1
  no_block_cache: 0
  block_cache: 0x7f297bba4290
  block_cache_name: LRUCache
  block_cache_options:
    capacity : 8388608
    num_shard_bits : 4
    strict_capacity_limit : 0
    memory_allocator : None
    high_pri_pool_ratio: 0.000
  block_cache_compressed: (nil)
  persistent_cache: (nil)
  block_size: 4096
  block_size_deviation: 10
  block_restart_interval: 16
  index_block_restart_interval: 1
  metadata_block_size: 4096
  partition_filters: 0
  use_delta_encoding: 1
  filter_policy: nullptr
  whole_key_filtering: 1
  verify_compression: 0
  read_amp_bytes_per_bit: 0
  format_version: 4
  enable_index_compression: 1
  block_align: 0
2021/07/14-15:20:44.254998 7f297be741c0        Options.write_buffer_size: 67108864
2021/07/14-15:20:44.254999 7f297be741c0  Options.max_write_buffer_number: 2
2021/07/14-15:20:44.255000 7f297be741c0          Options.compression: Snappy
2021/07/14-15:20:44.255001 7f297be741c0                  Options.bottommost_compression: Disabled
2021/07/14-15:20:44.255002 7f297be741c0       Options.prefix_extractor: nullptr
2021/07/14-15:20:44.255003 7f297be741c0   Options.memtable_insert_with_hint_prefix_extractor: nullptr
2021/07/14-15:20:44.255003 7f297be741c0             Options.num_levels: 7
2021/07/14-15:20:44.255004 7f297be741c0        Options.min_write_buffer_number_to_merge: 1
2021/07/14-15:20:44.255005 7f297be741c0     Options.max_write_buffer_number_to_maintain: 0
2021/07/14-15:20:44.255006 7f297be741c0     Options.max_write_buffer_size_to_maintain: 0
2021/07/14-15:20:44.255006 7f297be741c0            Options.bottommost_compression_opts.window_bits: -14
2021/07/14-15:20:44.255007 7f297be741c0                  Options.bottommost_compression_opts.level: 32767
2021/07/14-15:20:44.255008 7f297be741c0               Options.bottommost_compression_opts.strategy: 0
2021/07/14-15:20:44.255009 7f297be741c0         Options.bottommost_compression_opts.max_dict_bytes: 0
2021/07/14-15:20:44.255010 7f297be741c0         Options.bottommost_compression_opts.zstd_max_train_bytes: 0
2021/07/14-15:20:44.255010 7f297be741c0         Options.bottommost_compression_opts.parallel_threads: 1
2021/07/14-15:20:44.255011 7f297be741c0                  Options.bottommost_compression_opts.enabled: false
2021/07/14-15:20:44.255056 7f297be741c0            Options.compression_opts.window_bits: -14
2021/07/14-15:20:44.255059 7f297be741c0                  Options.compression_opts.level: 32767
2021/07/14-15:20:44.255060 7f297be741c0               Options.compression_opts.strategy: 0
2021/07/14-15:20:44.255061 7f297be741c0         Options.compression_opts.max_dict_bytes: 0
2021/07/14-15:20:44.255062 7f297be741c0         Options.compression_opts.zstd_max_train_bytes: 0
2021/07/14-15:20:44.255063 7f297be741c0         Options.compression_opts.parallel_threads: 1
2021/07/14-15:20:44.255064 7f297be741c0                  Options.compression_opts.enabled: false
2021/07/14-15:20:44.255065 7f297be741c0      Options.level0_file_num_compaction_trigger: 4
2021/07/14-15:20:44.255066 7f297be741c0          Options.level0_slowdown_writes_trigger: 20
2021/07/14-15:20:44.255067 7f297be741c0              Options.level0_stop_writes_trigger: 36
2021/07/14-15:20:44.255068 7f297be741c0                   Options.target_file_size_base: 67108864
2021/07/14-15:20:44.255069 7f297be741c0             Options.target_file_size_multiplier: 1
2021/07/14-15:20:44.255070 7f297be741c0                Options.max_bytes_for_level_base: 268435456
2021/07/14-15:20:44.255071 7f297be741c0 Options.level_compaction_dynamic_level_bytes: 0
2021/07/14-15:20:44.255072 7f297be741c0          Options.max_bytes_for_level_multiplier: 10.000000
2021/07/14-15:20:44.255075 7f297be741c0 Options.max_bytes_for_level_multiplier_addtl[0]: 1
2021/07/14-15:20:44.255076 7f297be741c0 Options.max_bytes_for_level_multiplier_addtl[1]: 1
2021/07/14-15:20:44.255077 7f297be741c0 Options.max_bytes_for_level_multiplier_addtl[2]: 1
2021/07/14-15:20:44.255078 7f297be741c0 Options.max_bytes_for_level_multiplier_addtl[3]: 1
2021/07/14-15:20:44.255079 7f297be741c0 Options.max_bytes_for_level_multiplier_addtl[4]: 1
2021/07/14-15:20:44.255080 7f297be741c0 Options.max_bytes_for_level_multiplier_addtl[5]: 1
2021/07/14-15:20:44.255081 7f297be741c0 Options.max_bytes_for_level_multiplier_addtl[6]: 1
2021/07/14-15:20:44.255083 7f297be741c0       Options.max_sequential_skip_in_iterations: 8
2021/07/14-15:20:44.255084 7f297be741c0                    Options.max_compaction_bytes: 1677721600
2021/07/14-15:20:44.255085 7f297be741c0                        Options.arena_block_size: 8388608
2021/07/14-15:20:44.255086 7f297be741c0   Options.soft_pending_compaction_bytes_limit: 68719476736
2021/07/14-15:20:44.255087 7f297be741c0   Options.hard_pending_compaction_bytes_limit: 274877906944
2021/07/14-15:20:44.255088 7f297be741c0       Options.rate_limit_delay_max_milliseconds: 100
2021/07/14-15:20:44.255089 7f297be741c0                Options.disable_auto_compactions: 0
2021/07/14-15:20:44.255091 7f297be741c0                        Options.compaction_style: kCompactionStyleLevel
2021/07/14-15:20:44.255092 7f297be741c0                          Options.compaction_pri: kMinOverlappingRatio
2021/07/14-15:20:44.255093 7f297be741c0 Options.compaction_options_universal.size_ratio: 1
2021/07/14-15:20:44.255093 7f297be741c0 Options.compaction_options_universal.min_merge_width: 2
2021/07/14-15:20:44.255094 7f297be741c0 Options.compaction_options_universal.max_merge_width: 4294967295
2021/07/14-15:20:44.255095 7f297be741c0 Options.compaction_options_universal.max_size_amplification_percent: 200
2021/07/14-15:20:44.255096 7f297be741c0 Options.compaction_options_universal.compression_size_percent: -1
2021/07/14-15:20:44.255097 7f297be741c0 Options.compaction_options_universal.stop_style: kCompactionStopStyleTotalSize
2021/07/14-15:20:44.255097 7f297be741c0 Options.compaction_options_fifo.max_table_files_size: 1073741824
2021/07/14-15:20:44.255098 7f297be741c0 Options.compaction_options_fifo.allow_compaction: 0
2021/07/14-15:20:44.255103 7f297be741c0                   Options.table_properties_collectors: 
2021/07/14-15:20:44.255104 7f297be741c0                   Options.inplace_update_support: 0
2021/07/14-15:20:44.255104 7f297be741c0                 Options.inplace_update_num_locks: 10000
2021/07/14-15:20:44.255113 7f297be741c0               Options.memtable_prefix_bloom_size_ratio: 0.000000
2021/07/14-15:20:44.255115 7f297be741c0               Options.memtable_whole_key_filtering: 0
2021/07/14-15:20:44.255115 7f297be741c0   Options.memtable_huge_page_size: 0
2021/07/14-15:20:44.255116 7f297be741c0                           Options.bloom_locality: 0
2021/07/14-15:20:44.255117 7f297be741c0                    Options.max_successive_merges: 0
2021/07/14-15:20:44.255118 7f297be741c0                Options.optimize_filters_for_hits: 0
2021/07/14-15:20:44.255118 7f297be741c0                Options.paranoid_file_checks: 0
2021/07/14-15:20:44.255119 7f297be741c0                Options.force_consistency_checks: 0
2021/07/14-15:20:44.255120 7f297be741c0                Options.report_bg_io_stats: 0
2021/07/14-15:20:44.255120 7f297be741c0                               Options.ttl: 2592000
2021/07/14-15:20:44.255121 7f297be741c0          Options.periodic_compaction_seconds: 0
2021/07/14-15:20:44.256815 7f297be741c0 [db/version_set.cc:4708] Recovered from manifest file:/home/goku/personal/portfolio/.dfx/state/replicated_state/node-100/ic_consensus_pool/certification/MANIFEST-000001 succeeded,manifest_file_number is 1, next_file_number is 3, last_sequence is 0, log_number is 0,prev_log_number is 0,max_column_family is 0,min_log_number_to_keep is 0
2021/07/14-15:20:44.256824 7f297be741c0 [db/version_set.cc:4724] Column family [default] (ID 0), log number is 0
2021/07/14-15:20:44.256951 7f297be741c0 [db/version_set.cc:3949] Creating manifest 4
2021/07/14-15:20:44.450484 7f297be741c0 [db/column_family.cc:578] --------------- Options for column family [CE]:
2021/07/14-15:20:44.450489 7f297be741c0               Options.comparator: leveldb.BytewiseComparator
2021/07/14-15:20:44.450491 7f297be741c0           Options.merge_operator: None
2021/07/14-15:20:44.450493 7f297be741c0        Options.compaction_filter: filter_outdated
2021/07/14-15:20:44.450494 7f297be741c0        Options.compaction_filter_factory: None
2021/07/14-15:20:44.450495 7f297be741c0  Options.sst_partitioner_factory: None
2021/07/14-15:20:44.450496 7f297be741c0         Options.memtable_factory: SkipListFactory
2021/07/14-15:20:44.450497 7f297be741c0            Options.table_factory: BlockBasedTable
2021/07/14-15:20:44.450521 7f297be741c0            table_factory options:   flush_block_policy_factory: FlushBlockBySizePolicyFactory (0x7f2963174b80)
  cache_index_and_filter_blocks: 0
  cache_index_and_filter_blocks_with_high_priority: 1
  pin_l0_filter_and_index_blocks_in_cache: 0
  pin_top_level_index_and_filter: 1
  index_type: 0
  data_block_index_type: 0
  index_shortening: 1
  data_block_hash_table_util_ratio: 0.750000
  hash_index_allow_collision: 1
  checksum: 1
  no_block_cache: 0
  block_cache: 0x7f297bba4b90
  block_cache_name: LRUCache
  block_cache_options:
    capacity : 8388608
    num_shard_bits : 4
    strict_capacity_limit : 0
    memory_allocator : None
    high_pri_pool_ratio: 0.000
  block_cache_compressed: (nil)
  persistent_cache: (nil)
  block_size: 4096
  block_size_deviation: 10
  block_restart_interval: 16
  index_block_restart_interval: 1
  metadata_block_size: 4096
  partition_filters: 0
  use_delta_encoding: 1
  filter_policy: nullptr
  whole_key_filtering: 1
  verify_compression: 0
  read_amp_bytes_per_bit: 0
  format_version: 4
  enable_index_compression: 1
  block_align: 0
2021/07/14-15:20:44.450526 7f297be741c0        Options.write_buffer_size: 67108864
2021/07/14-15:20:44.450527 7f297be741c0  Options.max_write_buffer_number: 2
2021/07/14-15:20:44.450528 7f297be741c0          Options.compression: NoCompression
2021/07/14-15:20:44.450529 7f297be741c0                  Options.bottommost_compression: Disabled
2021/07/14-15:20:44.450530 7f297be741c0       Options.prefix_extractor: nullptr
2021/07/14-15:20:44.450530 7f297be741c0   Options.memtable_insert_with_hint_prefix_extractor: nullptr
2021/07/14-15:20:44.450531 7f297be741c0             Options.num_levels: 7
2021/07/14-15:20:44.450532 7f297be741c0        Options.min_write_buffer_number_to_merge: 1
2021/07/14-15:20:44.450533 7f297be741c0     Options.max_write_buffer_number_to_maintain: 0
2021/07/14-15:20:44.450534 7f297be741c0     Options.max_write_buffer_size_to_maintain: 0
2021/07/14-15:20:44.450534 7f297be741c0            Options.bottommost_compression_opts.window_bits: -14
2021/07/14-15:20:44.450535 7f297be741c0                  Options.bottommost_compression_opts.level: 32767
2021/07/14-15:20:44.450536 7f297be741c0               Options.bottommost_compression_opts.strategy: 0
2021/07/14-15:20:44.450537 7f297be741c0         Options.bottommost_compression_opts.max_dict_bytes: 0
2021/07/14-15:20:44.450538 7f297be741c0         Options.bottommost_compression_opts.zstd_max_train_bytes: 0
2021/07/14-15:20:44.450539 7f297be741c0         Options.bottommost_compression_opts.parallel_threads: 1
2021/07/14-15:20:44.450539 7f297be741c0                  Options.bottommost_compression_opts.enabled: false
2021/07/14-15:20:44.450540 7f297be741c0            Options.compression_opts.window_bits: -14
2021/07/14-15:20:44.450541 7f297be741c0                  Options.compression_opts.level: 32767
2021/07/14-15:20:44.450542 7f297be741c0               Options.compression_opts.strategy: 0
2021/07/14-15:20:44.450542 7f297be741c0         Options.compression_opts.max_dict_bytes: 0
2021/07/14-15:20:44.450543 7f297be741c0         Options.compression_opts.zstd_max_train_bytes: 0
2021/07/14-15:20:44.450544 7f297be741c0         Options.compression_opts.parallel_threads: 1
2021/07/14-15:20:44.450545 7f297be741c0                  Options.compression_opts.enabled: false
2021/07/14-15:20:44.450558 7f297be741c0      Options.level0_file_num_compaction_trigger: 4
2021/07/14-15:20:44.450559 7f297be741c0          Options.level0_slowdown_writes_trigger: 20
2021/07/14-15:20:44.450560 7f297be741c0              Options.level0_stop_writes_trigger: 36
2021/07/14-15:20:44.450560 7f297be741c0                   Options.target_file_size_base: 67108864
2021/07/14-15:20:44.450562 7f297be741c0             Options.target_file_size_multiplier: 1
2021/07/14-15:20:44.450562 7f297be741c0                Options.max_bytes_for_level_base: 268435456
2021/07/14-15:20:44.450563 7f297be741c0 Options.level_compaction_dynamic_level_bytes: 0
2021/07/14-15:20:44.450564 7f297be741c0          Options.max_bytes_for_level_multiplier: 10.000000
2021/07/14-15:20:44.450566 7f297be741c0 Options.max_bytes_for_level_multiplier_addtl[0]: 1
2021/07/14-15:20:44.450567 7f297be741c0 Options.max_bytes_for_level_multiplier_addtl[1]: 1
2021/07/14-15:20:44.450567 7f297be741c0 Options.max_bytes_for_level_multiplier_addtl[2]: 1
2021/07/14-15:20:44.450568 7f297be741c0 Options.max_bytes_for_level_multiplier_addtl[3]: 1
2021/07/14-15:20:44.450569 7f297be741c0 Options.max_bytes_for_level_multiplier_addtl[4]: 1
2021/07/14-15:20:44.450570 7f297be741c0 Options.max_bytes_for_level_multiplier_addtl[5]: 1
2021/07/14-15:20:44.450570 7f297be741c0 Options.max_bytes_for_level_multiplier_addtl[6]: 1
2021/07/14-15:20:44.450571 7f297be741c0       Options.max_sequential_skip_in_iterations: 8
2021/07/14-15:20:44.450572 7f297be741c0                    Options.max_compaction_bytes: 1677721600
2021/07/14-15:20:44.450573 7f297be741c0                        Options.arena_block_size: 8388608
2021/07/14-15:20:44.450574 7f297be741c0   Options.soft_pending_compaction_bytes_limit: 68719476736
2021/07/14-15:20:44.450574 7f297be741c0   Options.hard_pending_compaction_bytes_limit: 274877906944
2021/07/14-15:20:44.450575 7f297be741c0       Options.rate_limit_delay_max_milliseconds: 100
2021/07/14-15:20:44.450576 7f297be741c0                Options.disable_auto_compactions: 1
2021/07/14-15:20:44.450577 7f297be741c0                        Options.compaction_style: kCompactionStyleLevel
2021/07/14-15:20:44.450579 7f297be741c0                          Options.compaction_pri: kMinOverlappingRatio
2021/07/14-15:20:44.450579 7f297be741c0 Options.compaction_options_universal.size_ratio: 1
2021/07/14-15:20:44.450580 7f297be741c0 Options.compaction_options_universal.min_merge_width: 2
2021/07/14-15:20:44.450581 7f297be741c0 Options.compaction_options_universal.max_merge_width: 4294967295
2021/07/14-15:20:44.450582 7f297be741c0 Options.compaction_options_universal.max_size_amplification_percent: 200
2021/07/14-15:20:44.450583 7f297be741c0 Options.compaction_options_universal.compression_size_percent: -1
2021/07/14-15:20:44.450583 7f297be741c0 Options.compaction_options_universal.stop_style: kCompactionStopStyleTotalSize
2021/07/14-15:20:44.450584 7f297be741c0 Options.compaction_options_fifo.max_table_files_size: 1073741824
2021/07/14-15:20:44.450585 7f297be741c0 Options.compaction_options_fifo.allow_compaction: 0
2021/07/14-15:20:44.450590 7f297be741c0                   Options.table_properties_collectors: 
2021/07/14-15:20:44.450591 7f297be741c0                   Options.inplace_update_support: 0
2021/07/14-15:20:44.450591 7f297be741c0                 Options.inplace_update_num_locks: 10000
2021/07/14-15:20:44.450592 7f297be741c0               Options.memtable_prefix_bloom_size_ratio: 0.000000
2021/07/14-15:20:44.450593 7f297be741c0               Options.memtable_whole_key_filtering: 0
2021/07/14-15:20:44.450594 7f297be741c0   Options.memtable_huge_page_size: 0
2021/07/14-15:20:44.450595 7f297be741c0                           Options.bloom_locality: 0
2021/07/14-15:20:44.450595 7f297be741c0                    Options.max_successive_merges: 0
2021/07/14-15:20:44.450596 7f297be741c0                Options.optimize_filters_for_hits: 0
2021/07/14-15:20:44.450597 7f297be741c0                Options.paranoid_file_checks: 0
2021/07/14-15:20:44.450598 7f297be741c0                Options.force_consistency_checks: 0
2021/07/14-15:20:44.450603 7f297be741c0                Options.report_bg_io_stats: 0
2021/07/14-15:20:44.450604 7f297be741c0                               Options.ttl: 2592000
2021/07/14-15:20:44.450605 7f297be741c0          Options.periodic_compaction_seconds: 2592000
2021/07/14-15:20:44.450640 7f297be741c0 [db/db_impl/db_impl.cc:2561] Created column family [CE] (ID 1)
2021/07/14-15:20:44.567038 7f297be741c0 [db/column_family.cc:578] --------------- Options for column family [CES]:
2021/07/14-15:20:44.567048 7f297be741c0               Options.comparator: leveldb.BytewiseComparator
2021/07/14-15:20:44.567050 7f297be741c0           Options.merge_operator: None
2021/07/14-15:20:44.567052 7f297be741c0        Options.compaction_filter: filter_outdated
2021/07/14-15:20:44.567054 7f297be741c0        Options.compaction_filter_factory: None
2021/07/14-15:20:44.567055 7f297be741c0  Options.sst_partitioner_factory: None
2021/07/14-15:20:44.567056 7f297be741c0         Options.memtable_factory: SkipListFactory
2021/07/14-15:20:44.567057 7f297be741c0            Options.table_factory: BlockBasedTable
2021/07/14-15:20:44.567079 7f297be741c0            table_factory options:   flush_block_policy_factory: FlushBlockBySizePolicyFactory (0x7f2963174b98)
  cache_index_and_filter_blocks: 0
  cache_index_and_filter_blocks_with_high_priority: 1
  pin_l0_filter_and_index_blocks_in_cache: 0
  pin_top_level_index_and_filter: 1
  index_type: 0
  data_block_index_type: 0
  index_shortening: 1
  data_block_hash_table_util_ratio: 0.750000
  hash_index_allow_collision: 1
  checksum: 1
  no_block_cache: 0
  block_cache: 0x7f2963199f10
  block_cache_name: LRUCache
  block_cache_options:
    capacity : 8388608
    num_shard_bits : 4
    strict_capacity_limit : 0
    memory_allocator : None
    high_pri_pool_ratio: 0.000
  block_cache_compressed: (nil)
  persistent_cache: (nil)
  block_size: 4096
  block_size_deviation: 10
  block_restart_interval: 16
  index_block_restart_interval: 1
  metadata_block_size: 4096
  partition_filters: 0
  use_delta_encoding: 1
  filter_policy: nullptr
  whole_key_filtering: 1
  verify_compression: 0
  read_amp_bytes_per_bit: 0
  format_version: 4
  enable_index_compression: 1
  block_align: 0
2021/07/14-15:20:44.567082 7f297be741c0        Options.write_buffer_size: 67108864
2021/07/14-15:20:44.567083 7f297be741c0  Options.max_write_buffer_number: 2
2021/07/14-15:20:44.567084 7f297be741c0          Options.compression: NoCompression
2021/07/14-15:20:44.567085 7f297be741c0                  Options.bottommost_compression: Disabled
2021/07/14-15:20:44.567086 7f297be741c0       Options.prefix_extractor: nullptr
2021/07/14-15:20:44.567087 7f297be741c0   Options.memtable_insert_with_hint_prefix_extractor: nullptr
2021/07/14-15:20:44.567088 7f297be741c0             Options.num_levels: 7
2021/07/14-15:20:44.567089 7f297be741c0        Options.min_write_buffer_number_to_merge: 1
2021/07/14-15:20:44.567089 7f297be741c0     Options.max_write_buffer_number_to_maintain: 0
2021/07/14-15:20:44.567090 7f297be741c0     Options.max_write_buffer_size_to_maintain: 0
2021/07/14-15:20:44.567091 7f297be741c0            Options.bottommost_compression_opts.window_bits: -14
2021/07/14-15:20:44.567092 7f297be741c0                  Options.bottommost_compression_opts.level: 32767
2021/07/14-15:20:44.567093 7f297be741c0               Options.bottommost_compression_opts.strategy: 0
2021/07/14-15:20:44.567094 7f297be741c0         Options.bottommost_compression_opts.max_dict_bytes: 0
2021/07/14-15:20:44.567095 7f297be741c0         Options.bottommost_compression_opts.zstd_max_train_bytes: 0
2021/07/14-15:20:44.567095 7f297be741c0         Options.bottommost_compression_opts.parallel_threads: 1
2021/07/14-15:20:44.567096 7f297be741c0                  Options.bottommost_compression_opts.enabled: false
2021/07/14-15:20:44.567097 7f297be741c0            Options.compression_opts.window_bits: -14
2021/07/14-15:20:44.567098 7f297be741c0                  Options.compression_opts.level: 32767
2021/07/14-15:20:44.567099 7f297be741c0               Options.compression_opts.strategy: 0
2021/07/14-15:20:44.567099 7f297be741c0         Options.compression_opts.max_dict_bytes: 0
2021/07/14-15:20:44.567100 7f297be741c0         Options.compression_opts.zstd_max_train_bytes: 0
2021/07/14-15:20:44.567101 7f297be741c0         Options.compression_opts.parallel_threads: 1
2021/07/14-15:20:44.567102 7f297be741c0                  Options.compression_opts.enabled: false
2021/07/14-15:20:44.567115 7f297be741c0      Options.level0_file_num_compaction_trigger: 4
2021/07/14-15:20:44.567116 7f297be741c0          Options.level0_slowdown_writes_trigger: 20
2021/07/14-15:20:44.567117 7f297be741c0              Options.level0_stop_writes_trigger: 36
2021/07/14-15:20:44.567117 7f297be741c0                   Options.target_file_size_base: 67108864
2021/07/14-15:20:44.567118 7f297be741c0             Options.target_file_size_multiplier: 1
2021/07/14-15:20:44.567119 7f297be741c0                Options.max_bytes_for_level_base: 268435456
2021/07/14-15:20:44.567120 7f297be741c0 Options.level_compaction_dynamic_level_bytes: 0
2021/07/14-15:20:44.567120 7f297be741c0          Options.max_bytes_for_level_multiplier: 10.000000
2021/07/14-15:20:44.567123 7f297be741c0 Options.max_bytes_for_level_multiplier_addtl[0]: 1
2021/07/14-15:20:44.567123 7f297be741c0 Options.max_bytes_for_level_multiplier_addtl[1]: 1
2021/07/14-15:20:44.567124 7f297be741c0 Options.max_bytes_for_level_multiplier_addtl[2]: 1
2021/07/14-15:20:44.567125 7f297be741c0 Options.max_bytes_for_level_multiplier_addtl[3]: 1
2021/07/14-15:20:44.567126 7f297be741c0 Options.max_bytes_for_level_multiplier_addtl[4]: 1
2021/07/14-15:20:44.567126 7f297be741c0 Options.max_bytes_for_level_multiplier_addtl[5]: 1
2021/07/14-15:20:44.567127 7f297be741c0 Options.max_bytes_for_level_multiplier_addtl[6]: 1
2021/07/14-15:20:44.567128 7f297be741c0       Options.max_sequential_skip_in_iterations: 8
2021/07/14-15:20:44.567129 7f297be741c0                    Options.max_compaction_bytes: 1677721600
2021/07/14-15:20:44.567129 7f297be741c0                        Options.arena_block_size: 8388608
2021/07/14-15:20:44.567130 7f297be741c0   Options.soft_pending_compaction_bytes_limit: 68719476736
2021/07/14-15:20:44.567131 7f297be741c0   Options.hard_pending_compaction_bytes_limit: 274877906944
2021/07/14-15:20:44.567132 7f297be741c0       Options.rate_limit_delay_max_milliseconds: 100
2021/07/14-15:20:44.567133 7f297be741c0                Options.disable_auto_compactions: 1
2021/07/14-15:20:44.567134 7f297be741c0                        Options.compaction_style: kCompactionStyleLevel
2021/07/14-15:20:44.567135 7f297be741c0                          Options.compaction_pri: kMinOverlappingRatio
2021/07/14-15:20:44.567136 7f297be741c0 Options.compaction_options_universal.size_ratio: 1
2021/07/14-15:20:44.567137 7f297be741c0 Options.compaction_options_universal.min_merge_width: 2
2021/07/14-15:20:44.567137 7f297be741c0 Options.compaction_options_universal.max_merge_width: 4294967295
2021/07/14-15:20:44.567138 7f297be741c0 Options.compaction_options_universal.max_size_amplification_percent: 200
2021/07/14-15:20:44.567139 7f297be741c0 Options.compaction_options_universal.compression_size_percent: -1
2021/07/14-15:20:44.567140 7f297be741c0 Options.compaction_options_universal.stop_style: kCompactionStopStyleTotalSize
2021/07/14-15:20:44.567141 7f297be741c0 Options.compaction_options_fifo.max_table_files_size: 1073741824
2021/07/14-15:20:44.567141 7f297be741c0 Options.compaction_options_fifo.allow_compaction: 0
2021/07/14-15:20:44.567147 7f297be741c0                   Options.table_properties_collectors: 
2021/07/14-15:20:44.567148 7f297be741c0                   Options.inplace_update_support: 0
2021/07/14-15:20:44.567148 7f297be741c0                 Options.inplace_update_num_locks: 10000
2021/07/14-15:20:44.567149 7f297be741c0               Options.memtable_prefix_bloom_size_ratio: 0.000000
2021/07/14-15:20:44.567150 7f297be741c0               Options.memtable_whole_key_filtering: 0
2021/07/14-15:20:44.567151 7f297be741c0   Options.memtable_huge_page_size: 0
2021/07/14-15:20:44.567152 7f297be741c0                           Options.bloom_locality: 0
2021/07/14-15:20:44.567153 7f297be741c0                    Options.max_successive_merges: 0
2021/07/14-15:20:44.567153 7f297be741c0                Options.optimize_filters_for_hits: 0
2021/07/14-15:20:44.567154 7f297be741c0                Options.paranoid_file_checks: 0
2021/07/14-15:20:44.567155 7f297be741c0                Options.force_consistency_checks: 0
2021/07/14-15:20:44.567160 7f297be741c0                Options.report_bg_io_stats: 0
2021/07/14-15:20:44.567161 7f297be741c0                               Options.ttl: 2592000
2021/07/14-15:20:44.567162 7f297be741c0          Options.periodic_compaction_seconds: 2592000
2021/07/14-15:20:44.567198 7f297be741c0 [db/db_impl/db_impl.cc:2561] Created column family [CES] (ID 2)
2021/07/14-15:20:44.765830 7f297be741c0 [db/db_impl/db_impl_open.cc:1638] SstFileManager instance 0x7f297bb83c00
2021/07/14-15:20:44.765856 7f297be741c0 DB pointer 0x7f2963204000
2021/07/14-15:20:45.767200 7f2954fec700 [db/db_impl/db_impl.cc:898] ------- DUMPING STATS -------
2021/07/14-15:20:45.767240 7f2954fec700 [db/db_impl/db_impl.cc:900] 
** DB Stats **
Uptime(secs): 1.5 total, 1.5 interval
Cumulative writes: 2 writes, 2 keys, 2 commit groups, 0.7 writes per commit group, ingest: 0.00 GB, 0.00 MB/s
Cumulative WAL: 2 writes, 0 syncs, 2.00 writes per sync, written: 0.00 GB, 0.00 MB/s
Cumulative stall: 00:00:0.000 H:M:S, 0.0 percent
Interval writes: 2 writes, 2 keys, 2 commit groups, 0.7 writes per commit group, ingest: 0.00 MB, 0.00 MB/s
Interval WAL: 2 writes, 0 syncs, 2.00 writes per sync, written: 0.00 MB, 0.00 MB/s
Interval stall: 00:00:0.000 H:M:S, 0.0 percent

** Compaction Stats [default] **
Level    Files   Size     Score Read(GB)  Rn(GB) Rnp1(GB) Write(GB) Wnew(GB) Moved(GB) W-Amp Rd(MB/s) Wr(MB/s) Comp(sec) CompMergeCPU(sec) Comp(cnt) Avg(sec) KeyIn KeyDrop
----------------------------------------------------------------------------------------------------------------------------------------------------------------------------
 Sum      0/0    0.00 KB   0.0      0.0     0.0      0.0       0.0      0.0       0.0   0.0      0.0      0.0      0.00              0.00         0    0.000       0      0
 Int      0/0    0.00 KB   0.0      0.0     0.0      0.0       0.0      0.0       0.0   0.0      0.0      0.0      0.00              0.00         0    0.000       0      0

** Compaction Stats [default] **
Priority    Files   Size     Score Read(GB)  Rn(GB) Rnp1(GB) Write(GB) Wnew(GB) Moved(GB) W-Amp Rd(MB/s) Wr(MB/s) Comp(sec) CompMergeCPU(sec) Comp(cnt) Avg(sec) KeyIn KeyDrop
-------------------------------------------------------------------------------------------------------------------------------------------------------------------------------
Uptime(secs): 1.5 total, 1.5 interval
Flush(GB): cumulative 0.000, interval 0.000
AddFile(GB): cumulative 0.000, interval 0.000
AddFile(Total Files): cumulative 0, interval 0
AddFile(L0 Files): cumulative 0, interval 0
AddFile(Keys): cumulative 0, interval 0
Cumulative compaction: 0.00 GB write, 0.00 MB/s write, 0.00 GB read, 0.00 MB/s read, 0.0 seconds
Interval compaction: 0.00 GB write, 0.00 MB/s write, 0.00 GB read, 0.00 MB/s read, 0.0 seconds
Stalls(count): 0 level0_slowdown, 0 level0_slowdown_with_compaction, 0 level0_numfiles, 0 level0_numfiles_with_compaction, 0 stop for pending_compaction_bytes, 0 slowdown for pending_compaction_bytes, 0 memtable_compaction, 0 memtable_slowdown, interval 0 total count

** File Read Latency Histogram By Level [default] **

** Compaction Stats [CE] **
Level    Files   Size     Score Read(GB)  Rn(GB) Rnp1(GB) Write(GB) Wnew(GB) Moved(GB) W-Amp Rd(MB/s) Wr(MB/s) Comp(sec) CompMergeCPU(sec) Comp(cnt) Avg(sec) KeyIn KeyDrop
----------------------------------------------------------------------------------------------------------------------------------------------------------------------------
 Sum      0/0    0.00 KB   0.0      0.0     0.0      0.0       0.0      0.0       0.0   0.0      0.0      0.0      0.00              0.00         0    0.000       0      0
 Int      0/0    0.00 KB   0.0      0.0     0.0      0.0       0.0      0.0       0.0   0.0      0.0      0.0      0.00              0.00         0    0.000       0      0

** Compaction Stats [CE] **
Priority    Files   Size     Score Read(GB)  Rn(GB) Rnp1(GB) Write(GB) Wnew(GB) Moved(GB) W-Amp Rd(MB/s) Wr(MB/s) Comp(sec) CompMergeCPU(sec) Comp(cnt) Avg(sec) KeyIn KeyDrop
-------------------------------------------------------------------------------------------------------------------------------------------------------------------------------
Uptime(secs): 1.3 total, 1.3 interval
Flush(GB): cumulative 0.000, interval 0.000
AddFile(GB): cumulative 0.000, interval 0.000
AddFile(Total Files): cumulative 0, interval 0
AddFile(L0 Files): cumulative 0, interval 0
AddFile(Keys): cumulative 0, interval 0
Cumulative compaction: 0.00 GB write, 0.00 MB/s write, 0.00 GB read, 0.00 MB/s read, 0.0 seconds
Interval compaction: 0.00 GB write, 0.00 MB/s write, 0.00 GB read, 0.00 MB/s read, 0.0 seconds
Stalls(count): 0 level0_slowdown, 0 level0_slowdown_with_compaction, 0 level0_numfiles, 0 level0_numfiles_with_compaction, 0 stop for pending_compaction_bytes, 0 slowdown for pending_compaction_bytes, 0 memtable_compaction, 0 memtable_slowdown, interval 0 total count

** File Read Latency Histogram By Level [CE] **

** Compaction Stats [CES] **
